+-------------------------------------------------------------------------------------------------------------------------------------------------------------------------------------------------------------------------------------------------------------+
; Legal Partition Candidates                                                                                                                                                                                                                                  ;
+--------------------------------------------------------+-------+----------------+--------------+----------------+--------+-----------------+---------------+-----------------+-------+----------------+--------------+------------------+-------------------+
; Hierarchy                                              ; Input ; Constant Input ; Unused Input ; Floating Input ; Output ; Constant Output ; Unused Output ; Floating Output ; Bidir ; Constant Bidir ; Unused Bidir ; Input only Bidir ; Output only Bidir ;
+--------------------------------------------------------+-------+----------------+--------------+----------------+--------+-----------------+---------------+-----------------+-------+----------------+--------------+------------------+-------------------+
; inst7                                                  ; 4     ; 0              ; 0            ; 0              ; 2      ; 0               ; 0             ; 0               ; 0     ; 0              ; 0            ; 0                ; 0                 ;
; inst28                                                 ; 5     ; 0              ; 0            ; 0              ; 7      ; 0               ; 0             ; 0               ; 0     ; 0              ; 0            ; 0                ; 0                 ;
; inst11                                                 ; 14    ; 0              ; 0            ; 0              ; 7      ; 0               ; 0             ; 0               ; 0     ; 0              ; 0            ; 0                ; 0                 ;
; inst16                                                 ; 16    ; 0              ; 0            ; 0              ; 8      ; 0               ; 0             ; 0               ; 0     ; 0              ; 0            ; 0                ; 0                 ;
; inst27                                                 ; 5     ; 2              ; 0            ; 2              ; 8      ; 2               ; 2             ; 2               ; 0     ; 0              ; 0            ; 0                ; 0                 ;
; inst10                                                 ; 16    ; 0              ; 0            ; 0              ; 8      ; 0               ; 0             ; 0               ; 0     ; 0              ; 0            ; 0                ; 0                 ;
; inst23                                                 ; 16    ; 0              ; 0            ; 0              ; 8      ; 0               ; 0             ; 0               ; 0     ; 0              ; 0            ; 0                ; 0                 ;
; inst8|H0                                               ; 16    ; 12             ; 0            ; 12             ; 7      ; 12              ; 12            ; 12              ; 0     ; 0              ; 0            ; 0                ; 0                 ;
; inst8|H1                                               ; 16    ; 12             ; 0            ; 12             ; 7      ; 12              ; 12            ; 12              ; 0     ; 0              ; 0            ; 0                ; 0                 ;
; inst8|H2                                               ; 16    ; 12             ; 0            ; 12             ; 7      ; 12              ; 12            ; 12              ; 0     ; 0              ; 0            ; 0                ; 0                 ;
; inst8|H3                                               ; 16    ; 12             ; 0            ; 12             ; 7      ; 12              ; 12            ; 12              ; 0     ; 0              ; 0            ; 0                ; 0                 ;
; inst8|comb_3                                           ; 2     ; 0              ; 0            ; 0              ; 1      ; 0               ; 0             ; 0               ; 0     ; 0              ; 0            ; 0                ; 0                 ;
; inst8                                                  ; 4     ; 0              ; 0            ; 0              ; 44     ; 0               ; 0             ; 0               ; 0     ; 0              ; 0            ; 0                ; 0                 ;
; inst25|H4                                              ; 16    ; 13             ; 0            ; 13             ; 7      ; 13              ; 13            ; 13              ; 0     ; 0              ; 0            ; 0                ; 0                 ;
; inst25                                                 ; 20    ; 0              ; 1            ; 0              ; 10     ; 0               ; 0             ; 0               ; 0     ; 0              ; 0            ; 0                ; 0                 ;
; inst26                                                 ; 8     ; 2              ; 0            ; 2              ; 8      ; 2               ; 2             ; 2               ; 0     ; 0              ; 0            ; 0                ; 0                 ;
; inst17                                                 ; 16    ; 0              ; 0            ; 0              ; 8      ; 0               ; 0             ; 0               ; 0     ; 0              ; 0            ; 0                ; 0                 ;
; inst29                                                 ; 77    ; 0              ; 0            ; 0              ; 20     ; 0               ; 0             ; 0               ; 0     ; 0              ; 0            ; 0                ; 0                 ;
; inst1                                                  ; 3     ; 0              ; 0            ; 0              ; 1      ; 0               ; 0             ; 0               ; 0     ; 0              ; 0            ; 0                ; 0                 ;
; inst20                                                 ; 4     ; 0              ; 0            ; 0              ; 20     ; 0               ; 0             ; 0               ; 0     ; 0              ; 0            ; 0                ; 0                 ;
; inst3                                                  ; 4     ; 0              ; 0            ; 0              ; 20     ; 0               ; 0             ; 0               ; 0     ; 0              ; 0            ; 0                ; 0                 ;
; inst                                                   ; 4     ; 0              ; 0            ; 0              ; 20     ; 0               ; 0             ; 0               ; 0     ; 0              ; 0            ; 0                ; 0                 ;
; inst19                                                 ; 9     ; 1              ; 0            ; 1              ; 11     ; 1               ; 1             ; 1               ; 0     ; 0              ; 0            ; 0                ; 0                 ;
; inst5                                                  ; 4     ; 0              ; 0            ; 0              ; 20     ; 0               ; 0             ; 0               ; 0     ; 0              ; 0            ; 0                ; 0                 ;
; inst14|controller|controller_translator                ; 15    ; 0              ; 0            ; 0              ; 15     ; 0               ; 0             ; 0               ; 0     ; 0              ; 0            ; 0                ; 0                 ;
; inst14|controller                                      ; 5     ; 1              ; 0            ; 1              ; 50     ; 1               ; 1             ; 1               ; 0     ; 0              ; 0            ; 0                ; 0                 ;
; inst14|mypll                                           ; 1     ; 0              ; 0            ; 0              ; 1      ; 0               ; 0             ; 0               ; 0     ; 0              ; 0            ; 0                ; 0                 ;
; inst14|VideoMemory|auto_generated|altsyncram1|mux6     ; 18    ; 0              ; 0            ; 0              ; 3      ; 0               ; 0             ; 0               ; 0     ; 0              ; 0            ; 0                ; 0                 ;
; inst14|VideoMemory|auto_generated|altsyncram1|mux5     ; 18    ; 0              ; 0            ; 0              ; 3      ; 0               ; 0             ; 0               ; 0     ; 0              ; 0            ; 0                ; 0                 ;
; inst14|VideoMemory|auto_generated|altsyncram1|decode_b ; 4     ; 1              ; 0            ; 1              ; 5      ; 1               ; 1             ; 1               ; 0     ; 0              ; 0            ; 0                ; 0                 ;
; inst14|VideoMemory|auto_generated|altsyncram1|decode_a ; 4     ; 1              ; 0            ; 1              ; 5      ; 1               ; 1             ; 1               ; 0     ; 0              ; 0            ; 0                ; 0                 ;
; inst14|VideoMemory|auto_generated|altsyncram1|decode4  ; 4     ; 0              ; 0            ; 0              ; 5      ; 0               ; 0             ; 0               ; 0     ; 0              ; 0            ; 0                ; 0                 ;
; inst14|VideoMemory|auto_generated|altsyncram1|decode3  ; 4     ; 0              ; 0            ; 0              ; 5      ; 0               ; 0             ; 0               ; 0     ; 0              ; 0            ; 0                ; 0                 ;
; inst14|VideoMemory|auto_generated|altsyncram1          ; 41    ; 4              ; 1            ; 4              ; 3      ; 4               ; 4             ; 4               ; 0     ; 0              ; 0            ; 0                ; 0                 ;
; inst14|VideoMemory|auto_generated                      ; 36    ; 0              ; 0            ; 0              ; 3      ; 0               ; 0             ; 0               ; 0     ; 0              ; 0            ; 0                ; 0                 ;
; inst14|user_input_translator                           ; 15    ; 0              ; 0            ; 0              ; 15     ; 0               ; 0             ; 0               ; 0     ; 0              ; 0            ; 0                ; 0                 ;
; inst14                                                 ; 21    ; 0              ; 0            ; 0              ; 35     ; 0               ; 0             ; 0               ; 0     ; 0              ; 0            ; 0                ; 0                 ;
+--------------------------------------------------------+-------+----------------+--------------+----------------+--------+-----------------+---------------+-----------------+-------+----------------+--------------+------------------+-------------------+
